Betas array
Logistic Regression
No Regularization
LAMBDA = 100
RUNS=250
betas[0][:400].fill(0.1)
betas[0][400:].fill(-0.1)

[[  1.79284942e-01   2.06283700e+01  -1.15373488e+01   1.49773756e+00
    6.81575205e-01  -6.46108492e+00  -2.46320295e+00   1.18574653e+00
    5.52733411e-02  -1.66151919e+00   1.56319001e-02  -2.76659627e-01
    1.09305090e-01  -1.89905628e+00  -2.23728284e-01  -1.30171902e+00
    3.98204893e-01  -1.40442970e+00   1.73130637e+00  -4.07444492e-02
    4.71956262e-02  -4.83478169e+00   6.95302745e-01  -2.51727599e-01
    2.45442435e-02   3.88711309e+00   7.61138030e-01   2.44841107e-01
    1.91161886e-01  -5.83953161e-01  -9.61120678e-01  -1.15705318e-01
    4.29282395e-01  -9.99735433e+00  -7.96555650e-01  -7.02134378e-01
   -1.82819607e+00   1.05292225e+00   4.53686725e+00   2.47770130e+00
    4.12711862e-01   1.32410502e-01   2.99468601e+00   3.45236561e-01
   -1.95216840e-01   6.95543789e-01  -1.67924600e+00  -1.84204911e-01
    8.25668533e-01   7.00908633e+00   3.34277351e+00  -5.70761629e-01
   -2.01497394e-01   5.91729559e+00   3.63771037e+00  -5.89605295e-01
    7.18999333e-01   1.34908238e+00   1.54082599e+00  -1.26056139e+00
   -3.02033167e-01   8.05206906e-01  -2.11382346e-01  -8.24050823e-01
    6.48331307e-01   3.28849108e+01  -4.13931131e+00   1.71664129e+00
   -4.43601001e-01  -3.16125680e+00   2.00586877e+00   1.18722930e+00
    8.11487245e-01  -2.28646441e+00   1.06253205e+00  -7.46825576e-01
    3.27000214e-01  -1.45291857e+00   6.62909346e-02   2.02676910e-01
    6.52506010e-01   6.11914311e+01   1.81144745e+01   3.65625767e+00
   -4.54756789e-01  -3.85339113e+00  -7.18642230e+00   1.91576766e+00
    1.52246874e+00   3.26008727e+00   3.85896747e+00   1.26841537e+00
    8.89373225e-01  -1.86858600e+00   8.30661935e-02   3.61609849e-01
    6.18059416e-01  -2.46891184e+01  -1.04173410e+00   6.19404897e-01
    3.13633010e-01   3.09814429e+00   2.73565745e+00   7.23928995e-01
    1.51391562e-01   3.19095701e+00  -7.82071692e-01   3.75416288e-01
   -5.32482385e-01   3.23651344e+00  -2.16501779e-01  -4.82870972e-01
    3.58962015e-01  -3.06748096e+01   4.53798320e+00   4.85775182e-01
    5.12139229e-01   7.25754560e+00   1.22972242e+00   3.51339456e-02
    7.34485063e-01   1.36354308e+00  -8.78637954e-02   2.98016784e-02
    7.76508375e-01   8.34975396e-01  -4.71508629e-02   1.69015990e-01
   -4.88737770e-02  -1.75778705e+01   1.54182407e+00  -7.03991186e-01
   -1.36619314e-01   1.14319313e+01  -4.32459784e-01   8.85415435e-01
    8.85331563e-02  -2.64384674e+00  -1.38045693e+00  -7.75623614e-01
   -1.95775082e-01   1.04459308e+00   1.66403090e+00   3.54069284e-01
    9.79871936e-02   2.26765518e+00   3.18934571e+00   1.54218608e+00
   -7.65989422e-01   6.00845861e+00  -2.45273806e+00   1.26952442e+00
   -5.93501154e-01   3.66394053e+00  -1.13090155e+00   3.06496332e-01
   -1.89219491e-01  -9.72170513e-02  -2.81457760e-01   5.78386934e-02
    2.83121956e-01   2.22586306e+01   6.62526382e+00   7.47497972e+00
    2.04970733e+00   1.48651446e+01   5.66252491e+00   1.91044347e+00
    4.91614378e-01   1.46676634e+00  -5.96223439e-01  -8.62941527e-01
   -1.47525876e-01   1.47893480e+00   9.82679795e-01  -8.77135469e-01
   -3.54337097e-01  -2.76376200e-01   5.84706195e-01   2.54493302e-01
    7.27215623e-02   5.59093345e+00   1.42922199e+00   7.17018106e-01
    1.06072812e-01   1.21610523e+00   9.73557479e-01   3.77187489e-01
    3.43504274e-01   7.81807888e-01   6.97455386e-01   6.04740800e-01
    6.25823995e-02  -3.67514211e+01   6.05963646e+00   2.13509253e+00
   -3.36123594e-01   7.82567839e+00  -1.78762543e+00  -1.31197157e+00
   -1.13152852e-01  -3.68154316e+00   4.67601229e-01   9.58960953e-01
    1.65430502e-01  -8.27381947e-02   4.44355457e-01   6.68247209e-01
   -7.73131646e-01   5.54223186e+00  -3.06207428e+00   2.96067150e-01
   -4.29174406e-01   1.69496863e+00   4.65334237e+00   1.39292662e+00
    1.33204569e+00   2.91638409e-01  -4.93393768e-01  -7.03703918e-01
    2.70466830e-01   4.05188740e-01   1.91178891e-01   1.10179764e+00
    4.16082398e-01   3.34074255e+01  -5.23017321e+00   2.97482581e+00
   -1.70848350e+00   4.02406816e+00  -4.28028637e-04   1.56220231e+00
    1.63026760e-01   1.48962478e+00   4.96407264e-01  -1.00442402e+00
   -1.32619538e-02   6.17472625e-01   1.07304852e-02  -1.86168921e-02
   -5.03567634e-01   8.13970322e+01   1.61304980e+00   5.69946500e+00
   -2.31293890e+00   9.18931440e+00  -8.98130203e-01  -2.88703344e+00
    3.64438063e+00   1.84716943e+00   3.81933608e-01  -1.20259655e+00
   -3.19589810e-01   1.82371949e+00   7.01546908e-01  -1.95467371e+00
   -8.03383555e-01  -4.10051328e+01  -3.69423193e+00  -1.81336762e+00
    1.26569320e-01   4.03409398e+00   1.84964276e+00  -7.23862258e-01
   -2.20240798e-01   1.62879488e+00  -1.16538976e+00  -1.77767824e-03
    2.38108411e-01   3.77378818e-01  -5.23264905e-01   3.84068878e-01
    1.22728931e-01  -1.65761524e+01  -3.00402266e-01   1.16069519e+00
    1.12205361e+00   1.43301979e+00  -8.13360189e-01   7.21899681e-02
   -2.95715060e-01   3.27484887e+00  -1.07016704e+00  -4.78923319e-02
   -1.73305158e-01   1.66202402e+00  -3.65473295e-01   3.22396609e-01
   -3.69015002e-01   8.94430744e+00  -4.42916267e+00  -5.01816040e-01
   -1.66404562e-01   2.18282948e+00  -9.15058070e-01   7.12221321e-02
    4.77946236e-01   1.08141377e+00   3.82812462e-01   2.08019795e-01
   -2.79735982e-02   1.04374718e+00  -5.74329677e-01   1.56399736e-01
    2.23347654e-02  -7.88904614e+00   6.35944994e+00   2.04623975e+00
    1.40226290e+00   5.70905417e+00   1.60551047e+00   2.97562889e+00
   -1.96829912e+00   1.68877060e+00   1.17469171e+00  -2.48506097e+00
    6.55016087e-01  -1.03580766e+00   2.72713378e-01   1.36652819e+00
   -1.51321473e-01  -3.01891911e+01  -3.97748094e+01  -1.09229137e+01
   -4.18962632e+00   2.82394653e+00   2.03599065e+01  -1.33165120e+00
    1.02313594e+00  -9.54120272e+00  -1.87932763e+01   1.51750460e-01
    8.48251687e-03  -1.90118151e+00  -1.14083597e+01  -1.87621205e+01
    1.48402428e+01  -2.18931327e+01   2.82334580e+01   1.69211321e+01
    1.05848616e+01   3.69305542e+01  -1.47068154e+01  -1.38073463e+01
   -8.83524591e+00   2.76877000e+01   1.48093724e+01  -2.54339263e+01
   -1.35952372e+01  -3.07513662e+01   2.82799657e+01   3.07119367e+01
    2.00398265e+01   1.11432531e+01  -3.06862652e+00   7.04178687e+00
    4.97619348e+00  -4.00619678e+00  -1.73477864e+01  -3.83584297e+00
    1.21159220e+01   1.88004584e+01  -1.45760973e+01   1.56623769e+01
   -1.63853468e+00  -3.94811622e+00   1.93671793e+00   1.39431783e+01
    3.01452526e+00  -2.24066061e+01  -1.54513941e+01  -1.08969345e+01
    3.37893287e+01   1.60438973e+01  -1.59942860e+01   1.76499648e+01
    1.41701740e+01  -3.42617384e+00  -2.06333767e+01   1.39233857e+00
   -8.55255791e+00  -8.93711162e+00   2.55097155e+00   2.10947817e+00
    1.25840382e+00   1.21872426e+01  -2.60369195e+00  -4.06499247e+00
   -3.09093877e+00   1.16965379e+01   1.07943978e+01   1.04916636e+01
   -1.55332573e+01   7.18249097e+00  -1.88668462e+01  -1.74447238e+01
    1.10912229e+01   1.62960958e+01  -1.92438879e+00  -1.65389674e+01
   -6.53175499e+00   5.02502235e+00  -7.52035163e+00  -7.02745761e+00
    3.71457992e+00   5.23173524e+00  -1.01246368e+01  -7.93837385e+00
   -9.94302521e+00  -9.96183677e+00   6.90291966e+00  -5.33851325e-01
   -1.42881400e+01  -1.10664452e+00  -6.24305463e+00  -9.27055449e+00
    1.53038514e+01   3.32609609e+01   2.24363446e+01  -2.97889598e+01
   -1.54087055e+01   4.60025478e+00   1.81472741e+01   1.51854295e-01
   -3.58010127e+00   2.44922127e+00   1.41446480e+01  -6.18598383e+00
   -1.39482631e+00  -7.79986515e+00  -1.32104530e+01   1.05279586e+01
    8.18746511e+00  -5.04371045e-01   1.02133374e+00   1.63962500e+01
   -1.45158053e+01  -1.63912203e+01   4.35337279e+00  -1.00734739e+01
   -1.10578059e+01   2.26457251e+01   1.71662312e+01   1.24148781e+01
    3.68998415e+00  -1.91440348e+01  -5.56078073e+00   2.79010088e+00
   -1.01839716e+01  -5.03699604e+00   1.01310293e+00   2.12075614e+01
    5.58061897e+00  -1.47197565e+01   1.50972975e+01   9.62626717e-01
    9.05842242e+00  -2.21726382e+00  -4.22226262e+00  -4.02105770e+00
   -3.18118285e+01   7.11150825e+00  -4.03619060e-01  -5.44435132e+00
    1.33490612e+01   8.58183420e+00  -1.31464330e+01  -2.07359251e+01
   -1.01751263e+01   1.05062505e+01  -1.00730393e+00   2.02652960e+00
    2.45291345e+00  -2.20715083e+01   9.89013174e+00   2.50815970e+00
   -1.00121651e+01   1.18910308e+01   3.61895239e+00  -4.71207258e+00
   -1.72100203e+00  -6.43898538e-01   5.94601569e+00  -4.96406548e+00
    5.49244518e+00   2.92702571e+00   1.42687285e+01   6.88474990e+00
   -7.60617525e+00   1.50532348e+00   3.97869534e+00   1.01346699e+01
   -3.92570298e+00  -2.07939859e-01   6.93921143e+00   9.02684588e-01
   -2.97101055e+01  -4.32972228e+00  -9.26890891e+00   2.21457178e+01
    1.41090835e+01  -1.62829851e+01  -1.28497978e+01  -2.73836079e+00
    8.06611180e+00  -7.26575581e-01  -8.02818733e-01   1.11202667e+01
    1.24142119e+00   1.00617994e+00   8.09101806e+00   1.14841689e+00
   -9.64801932e+00   1.00537066e+01   3.55859995e+00  -9.63360513e+00
    1.13156321e+00  -9.12839161e+00   1.56207221e+00   7.00781548e+00
   -6.94163217e+00  -4.47695836e+00  -3.25994435e-01   1.54661857e+01
    4.94683179e+00   2.31022822e+00   5.55037489e+00  -2.34177528e+00
   -2.70716975e+00  -3.51030660e+00  -9.55470278e+00   3.88582736e+00
    9.70470313e-02  -8.21917945e+00   2.50293556e+00  -3.30065938e+00
   -7.74324512e+00  -9.38291173e+00  -5.55009127e+00  -6.06646786e+00
    4.28443261e+00  -5.43036060e+00   7.78726516e+00   1.42555938e+01
   -1.19220129e+01  -2.19572323e+00  -9.78393549e-01   1.52544250e+01
    5.19029262e+00  -1.69349077e+01  -2.29677117e+00  -7.58941511e+00
    5.61006992e+00  -2.43127337e+00   4.66962861e+00   1.20973866e+00
    2.33781292e+00   1.03778614e+01   9.76008444e+00   2.46618184e+00
   -7.61699102e+00   9.08319757e+00  -9.81520679e+00   1.04410554e+01
    1.49374261e+01   1.10852609e+01  -4.74143132e+00   7.01680107e+00
   -5.64225876e+00  -1.58777558e+01  -1.13106199e+00  -7.78669614e+00
    2.62642978e+00   3.81785452e+00  -5.63091442e+00  -8.47360867e+00
    8.95269155e-01   6.39876905e-01  -3.64234388e+00   1.11403667e+01
    6.66242459e+00  -1.89572090e+00  -4.20864217e+00   3.42183713e+00
   -5.78405234e+00   1.18941459e+01  -1.97994991e+01  -1.60223284e+01
    1.62189126e+00  -1.99541629e+01  -5.56885496e+00  -9.13805958e+00
    5.03461576e+00   2.08846098e+01   3.94243734e+00  -7.25888711e+00
   -1.12416598e+01   2.12425778e+00  -4.66785730e-01  -3.11655174e+00
    3.06420332e+00   7.04231949e+00  -2.80221531e+00  -4.27836994e+00
   -1.81124566e+00   5.00632703e+00   6.74826602e+00   9.76197814e+00
    1.37864551e+01  -4.95059725e+00   6.75371153e-01   1.63990743e+01
    6.13684655e+00  -2.45261203e+00   1.09562843e+01   7.15816931e+00
   -4.59672478e+00  -7.27166039e+00  -9.69426895e+00  -2.11824945e+00
   -1.55027173e+01  -1.12474862e+01  -7.33920167e+00  -7.15464822e+00
    8.67029294e-01   1.37331236e+00  -1.12503525e+01  -8.26467403e-01
    7.22066827e+00  -1.34855116e+00  -1.43523388e+01  -6.25826581e+00
   -2.39822147e+00  -1.42967418e+01  -1.88442105e+00  -6.22146041e+00
   -3.67800504e+00   1.49354571e+01   2.86531739e+00   1.12267471e+01
    3.07566713e+00  -1.18936389e+01   2.50093848e-02  -7.70797956e+00
   -6.55722451e+00  -6.62800704e-01   8.40018004e+00  -3.38496676e+00
   -1.60989601e+00   3.20532099e+00   7.02391219e+00  -1.55194868e+00
    1.10520596e+01   4.55762945e+00  -7.67706894e+00  -7.38303496e+00
   -3.89363088e+00   1.85289542e+00   2.61575050e+00   5.18496093e+00
    1.29660892e+01  -6.81528467e+00  -1.21596183e+01   7.60550006e-02
   -1.66306385e+00   3.08213718e+00  -4.41377813e+00  -5.46090237e+00
    5.79734188e-01   2.47932578e+00   9.01261132e+00  -6.46173010e+00
    3.18441791e+00  -9.61172403e-01  -5.42912829e+00   2.74360491e+00
   -3.08911854e+00   8.15659672e+00  -4.45682033e+00   4.19738822e+00
    6.85032188e-02   7.67760898e+00  -9.99947775e+00  -2.83313026e-01
   -9.77927264e-01  -1.15345558e+01   4.64971946e+00   3.68030144e+00
   -6.52353274e+00   1.15143627e+00   5.68388750e-01  -7.99560231e+00
   -1.57918291e+01   8.78625765e-01   7.85355586e+00  -4.00505273e+00
    3.99208289e+00  -5.76172610e+00  -2.29759366e+00   1.21597512e+01
   -2.64824742e+00  -6.47251524e-01   3.79805775e+00  -1.47739209e+00
   -2.15349441e+00   4.48559041e+00   2.10333066e+00  -3.30764614e+00
   -7.29401343e-01   1.17271559e+00   4.44005648e+00  -8.11227555e+00
   -5.08744345e+00   1.07748718e+01  -6.36667550e+00   5.69065630e+00
    3.82179092e+00  -1.25244762e+01   5.50678894e+00  -4.02781898e+00
   -8.34013726e+00  -5.48273639e+00  -9.93537391e+00   6.96252398e+00
    2.48572952e+00  -5.73177079e-01  -1.38159800e+01  -7.88644508e+00
   -5.96119230e+00  -1.10816848e+01   3.56360662e+00  -4.16388239e+00
   -9.27849442e-01  -7.46096918e-01   1.91238712e+00   2.08588314e+00
   -2.78568096e+00  -2.98517998e+00   1.95389402e-01   6.69113255e+00
    3.82068331e+00  -9.85469645e-01   5.82992224e+00   4.44082825e+00
    3.43070249e+00  -3.31393223e+00  -2.40197221e+00   3.87435426e+00
   -2.03170713e+00  -3.56782622e+00   6.30638958e+00  -3.89505725e+00
   -7.18524506e+00  -7.56503110e+00   8.13283857e+00  -7.80064830e+00
   -2.07998680e+00   4.05040149e+00  -7.44779911e+00   3.83386077e+00
    3.29372907e+00  -1.95362518e+00  -7.35119673e+00   1.20386555e+00
   -1.43088863e+00  -7.16460023e+00  -4.37114807e+00   1.46442784e+00
    3.32739142e+00  -2.10776990e+00  -5.63081722e+00  -9.20464227e-01
    8.28795043e-01   1.39695541e+01   1.26923300e+00   3.35059311e+00
    9.99531852e-01   7.07662355e-03  -1.50050677e+01   5.92996881e+00
   -3.41791834e+00   9.36926351e+00   1.32976347e+01  -1.24845884e+00
   -2.91751441e+00   3.58482239e+00   1.04829340e+01  -8.42216894e+00
    2.98809548e+00  -1.34173787e-01  -6.56934657e+00  -5.12778121e+00
    6.28290512e+00  -9.22931731e-01   4.14475568e+00   2.12474993e+00
   -9.93379990e-01  -6.03277876e+00  -4.85605661e+00   1.33145621e+00
   -3.18248355e-01]]